1000000000 1000000000
5000
0 744525000
8879 984462906
22664 212643194
51782 301852630
57468 176355479
63258 994448403
86112 738084753
92955 192245936
114475 860283484
143147 468512624
183902 623295869
195440 173438245
206298 182755645
211557 958066848
288621 345945079
296379 464479716
299020 201542794
303427 369020165
334786 896094090
368471 186776028
414916 880055540
453612 441760665
454516 123873765
458420 180133626
493489 483977480
506630 51895409
526319 434866060
560600 870262486
570856 910657358
595576 133945047
611269 280339769
612664 104725915
619780 355671690
680983 668482863
734813 348474854
739243 220221319
743181 450468284
796408 380431711
805077 740198482
822282 666506176
912368 460171645
921599 995921229
969739 630530851
1020352 715757638
1060455 236598103
1074476 641158448
1105566 764317363
1126215 465787329
1142984 2885903
1193988 338174065
1219198 890736661
1331920 519893620
1337220 347012804
1346933 380067789
1358617 126836441
1378550 481493679
1392285 914007685
1454707 108160912
1463292 187290719
1523583 811979829
1526573 250148438
1641465 930444674
1660877 450554238
1675263 252036575
1751520 480922479
1753948 196410851
1788122 127931576
1806274 152184362
1869188 966852883
1888518 668659082
1897674 669672533
1916735 603798901
2028408 252960650
2045553 387583010
2070569 749391530
2086137 497703165
2101492 278984423
2101759 398488635
2138043 872454689
2161730 265647842
2237417 559765428
2306376 233216324
2343025 66264983
2372297 692913968
2386148 942605158
2437884 264237267
2448108 184581280
2464065 746190618
2478758 446751042
2553880 938280691
2569464 765889020
2569851 468205387
2678592 245540422
2685856 198108194
2709927 847215705
2712938 437314779
2724110 214758926
2762734 935052531
2769076 984822238
2771665 213401754
2782045 105569922
2824202 307734909
2829630 954795053
2839718 567320826
2845596 676350531
2913959 319192150
2920956 61943837
2924368 583119686
2933475 397505370
2939775 723348668
2967490 100819015
3008282 37568706
3026664 533716987
3131185 787722156
3215018 342434811
3272650 295849848
3287428 929550536
3332594 557436035
3373101 971450815
3383203 856796741
3459324 216712657
3534891 371631606
3542468 567465520
3544370 911633333
3573960 12039961
3574622 56649196
3642138 952256454
3780741 817317491
3783358 890416322
4014498 430351204
4039879 504895165
4049110 90100781
4068656 302998442
4109386 112504245
4146502 153941292
4157862 848111867
4167682 673723563
4171980 242948938
4175987 219807816
4220498 650712478
4236144 158718346
4311162 208514727
4355217 911506292
4357573 77919149
4360455 6105872
4417150 167245812
4423353 541762041
4446642 777188841
4502974 207842730
4655780 645073068
4692282 769017713
4702414 74755351
4721739 722638809
4738885 672429901
4743883 508992913
4791051 334708613
4799768 59097311
4812485 661107495
4870553 724581942
4878521 716780267
4898727 104723574
4910366 96326140
4913965 1333656
4939105 197278271
4944022 257734677
4983331 589244695
5007121 289147070
5175139 929990223
5205265 138001311
5213189 999981480
5229060 560511456
5234526 256203839
5241057 216701594
5288775 580168137
5436534 670497199
5443794 898801922
5463913 50976660
5486780 909576198
5489285 827841970
5497194 788585360
5521043 110333996
5705379 144864522
5722401 87462654
5757080 91416888
5804776 898718024
5837375 637733228
5921457 661962834
5948934 788592429
5963832 670501150
5977375 281272719
5994367 829378848
6025193 880412522
6027165 757902658
6042488 401338485
6109746 391794886
6178942 719546590
6198634 759586771
6244280 914961865
6283477 201595133
6307073 92510151
6321259 826141321
6368341 878035183
6387717 243778374
6434185 424761747
6498169 529807864
6510476 41612451
6548009 51190528
6603790 6477862
6617924 110733867
6619890 166194841
6681363 113281783
6739138 456559971
6791006 955592638
6796584 697975187
6802060 37023132
6817800 765607483
6836757 844084486
6883985 356984116
6981228 577369637
6982164 765178053
7041281 696757055
7061548 333208067
7099902 405416490
7122002 226016632
7130461 779097626
7194421 804980334
7248585 408921546
7266028 192005271
7267158 713905416
7384718 346887019
7463440 25692165
7502064 732061034
7615513 163996786
7628354 353478886
7753425 178872177
7823622 160767659
7828940 483035126
7838533 442020673
7847448 495815476
7948270 999456063
7964464 248561253
7973057 813074718
7974972 305988202
7994636 332544782
8052311 374389492
8061857 496588506
8106707 410524977
8158532 68974164
8214815 605487292
8237315 436783793
8268810 178102712
8285116 972056300
8287304 239101003
8319022 553998637
8324751 490372653
8367947 246035474
8377990 352359146
8403065 875909923
8501370 244736700
8540096 558814825
8562913 541124880
8583118 799203413
8602563 404055665
8646101 542785811
8684490 291719304
8705025 46894038
8817666 437181108
8819320 767056532
8910759 803264486
8922990 662923158
8938229 870495409
8974240 679533074
8994323 940417225
9015580 669734361
9071412 794873160
9083956 417219475
9089416 888756037
9111671 332851661
9246187 355968742
9259294 910335785
9311217 607780055
9316435 610325563
9402423 940957252
9408825 170578917
9511601 352051313
9537602 887956473
9563537 863486895
9571138 102064246
9674771 746186021
9695527 456677262
9741584 393546404
9757022 47095434
9762989 132466546
9784673 323658423
9827526 631225006
9829535 674662866
9841178 409125337
9850344 623582442
9860848 531113312
9876121 499072080
9886752 52862777
9902495 544523488
9931666 504067989
9964223 752985473
9982564 512888318
10026876 832398915
10069756 574717619
10070882 317989549
10084804 588074998
10094231 428906997
10098277 52508087
10102984 700630022
10114805 135995054
10125899 589913298
10162702 644050568
10164628 98706713
10168208 85641380
10193613 348050155
10199905 362039543
10213603 138438556
10235781 841194182
10240665 554176934
10241028 334799988
10287025 88369883
10302328 842541605
10312746 682710062
10329424 555667352
10348170 211110073
10386569 843734761
10416274 870485342
10545884 59998709
10553911 574357492
10578424 236649659
10598935 639394716
10620458 666604611
10775511 265698843
10811321 481136060
10894144 268979630
10900336 442270563
10935460 516097746
10982770 136161296
11017096 7699702
11026903 822291101
11044454 28935702
11076174 381336569
11106860 929091135
11145903 488636838
11260604 332858006
11266114 822695441
11287257 14724309
11300425 935982766
11349555 106162330
11358517 392470802
11367761 130980416
11372776 136973215
11421622 234367452
11422899 192183838
11427400 516300027
11438151 827092574
11564245 559773508
11565726 656993103
11583195 573398080
11608215 889608048
11612911 927253954
11619637 122659062
11623666 654285725
11651151 189653036
11665781 73887776
11667181 627840493
11675646 326131559
11709922 750016461
11715894 351091771
11730175 844280199
11742336 348188159
11765449 506449771
11777802 623870715
11793560 26937662
11860433 288290075
11889172 857967425
11899738 118200560
11927825 96991256
12043453 845997848
12072466 84573708
12117662 260500751
12196753 623312237
12274358 207038025
12289968 871410192
12295992 179459510
12317557 691650286
12332059 155878722
12347617 502009154
12392577 267419076
12455649 5624992
12457740 632477206
12486506 170116184
12495232 100703151
12523971 944356282
12536723 834609402
12686132 268951553
12687229 376679580
12728969 456150376
12756559 736595524
12772932 757789091
12854206 929804254
12871346 975215580
12914796 708932660
12916064 111040474
12934858 171681516
13016722 232829374
13017864 809865881
13070283 721629912
13145974 169972024
13151808 325380493
13177436 363463474
13189767 739256723
13222781 443187264
13243099 451714442
13250236 556371235
13345634 946105247
13350106 820182636
13373774 517027830
13433009 281937966
13457517 552392327
13491572 70760808
13538596 550924006
13587863 37163293
13606000 81261330
13629634 794124996
13629813 6064475
13644462 103833095
13650102 315946812
13650107 649886149
13665385 274857743
13673795 402107783
13692191 936021933
13696647 479530554
13715547 337916505
13716810 999822928
13737655 142545690
13774571 371216776
13922845 139086865
13987409 514734848
14002231 750926486
14070634 704530748
14106751 944503118
14108091 781846412
14123480 927844521
14193396 902134973
14236418 641993400
14253614 691898482
14269277 579334192
14338321 413082591
14363357 356159934
14385886 112656421
14462158 837893265
14493960 482038415
14500471 183494974
14538976 594658487
14546277 702631929
14555257 45090197
14611026 157226285
14654157 524396355
14663316 748045546
14664085 817384519
14705959 744268315
14753783 701850308
14754740 857976763
14770723 175978025
14777503 575807389
14860421 462585126
14890565 933828745
14916346 956276117
14917201 30729563
14943616 777353339
15017650 232028712
15072279 870169000
15168525 169588728
15170439 472833169
15178272 170829999
15245980 811935658
15254858 650878465
15265728 163496938
15274553 810357071
15336911 187883377
15345445 912093818
15354211 353094863
15371860 886261702
15373728 466954033
15375450 478462024
15376322 335798233
15509177 848355227
15520267 142537716
15558512 636538572
15560133 43534457
15614956 420408162
15623881 627326653
15664656 641783235
15699910 213217097
15704079 547302733
15746030 191884189
15792981 847390762
15811449 399184523
15873107 55726563
15923468 661488538
15928956 358328926
15993181 223985069
15993794 62502413
16036251 547322943
16045065 122262510
16068924 109238826
16087047 418585400
16137506 397867703
16190858 992752035
16198015 3635917
16212708 941070413
16326773 153669386
16351284 557665690
16363697 8767966
16427136 335700596
16468789 973494968
16472908 282636441
16480229 1125419
16558624 873163545
16623569 752649424
16628974 447687813
16664380 204241022
16672357 173746604
16706306 360903010
16744057 207742520
16766872 103659340
16774604 960649342
16836589 849168501
16859148 94790558
16882025 215358289
16882423 173996423
16903600 196149285
17040305 462396803
17070365 152480051
17082384 879369371
17096789 204594277
17110466 838106589
17110987 6849726
17121326 725149419
17141704 449039400
17161509 796559233
17190854 599332046
17211961 738293572
17237488 245478512
17252304 969606675
17261258 925213479
17267935 218193146
17309549 40209278
17309942 245445071
17320838 806067686
17367785 280310058
17376414 495398363
17376506 448980506
17389535 930168982
17504774 852246854
17550982 33079575
17623944 719707504
17721165 366756928
17738316 406389309
17751236 618813455
17754799 602201174
17813136 938257643
17818833 862213601
17847686 39038771
17869056 742564453
17905225 174174775
17966720 527818778
17987115 929623606
18040282 892279086
18044671 925872236
18093775 368848735
18134655 583219700
18148603 854225573
18218099 739123918
18326699 466697646
18335480 105628848
18469533 867770496
18563304 404506222
18599770 611339065
18605000 144984786
18633634 112893025
18734582 474026224
18749862 517637517
18768157 961666101
18782936 353949045
18825952 341271635
18833332 625457217
18883552 482823764
18901802 353987463
18909422 554854779
18913397 557464766
18923851 25361254
18933561 118068740
18938196 656587295
18982233 584965357
18983219 324191386
19005451 53068352
19050039 479258253
19093322 996253008
19110454 870124102
19114988 211510013
19124130 124376824
19154432 456264223
19167618 523067128
19178142 990116396
19234974 654190241
19249305 545332755
19282534 323340183
19284580 301856830
19320121 136577035
19349073 115107420
19357539 174992331
19380315 596614574
19380699 241662345
19411858 424731209
19419819 728505005
19422341 55512321
19438377 47608440
19454550 312257062
19532965 209693994
19551894 593553747
19605024 402286810
19659485 102037161
19673326 705061848
19686089 720597083
19726152 290010994
19770414 726989958
19787257 857797343
19829175 515595658
19872768 903440442
19893983 793500744
19930874 126090878
19978573 772891954
19981685 402424463
20044714 789949375
20123028 955933499
20146915 569818230
20238392 601561668
20247064 451081444
20264896 260939141
20290247 501648558
20316980 512846476
20393244 432306861
20422232 368590048
20503245 986755519
20519724 469770745
20534435 40179951
20545323 572104550
20576198 334060181
20592392 59831601
20601342 776140154
20616302 363837945
20617718 884307641
20642705 473827944
20708797 671777700
20709130 668968007
20736894 484681866
20779926 619225208
20793978 568882001
20826657 919281194
20887738 525864912
21001695 589107906
21034721 359583751
21083080 785352530
21122990 660000663
21141564 92928469
21198376 62022666
21218097 332383993
21218514 762772226
21299878 964139921
21359960 143930917
21394291 44036979
21409522 947609552
21417789 900686885
21430502 938067957
21444936 678710452
21450925 948585103
21478045 774857696
21478759 348238691
21491136 432989477
21498994 67637284
21513619 498932613
21534164 103449643
21572004 57262318
21574821 609963424
21595303 55015829
21636385 902640044
21650442 523284352
21701167 152384846
21756875 106740896
21785225 783880693
21853293 600066600
21925014 227729625
21930124 180763095
21947216 181465660
21968338 785818664
21981099 719332310
22037131 782587097
22076931 292668057
22094916 733638835
22111415 345322306
22111506 666510182
22125764 937585566
22165208 668014090
22203138 525249349
22206340 635854193
22266777 247449354
22288708 709938516
22306587 52823147
22325273 434030863
22357187 905255564
22467940 448205397
22586756 428244081
22597077 27243471
22690356 192679175
22696684 371727226
22697330 605482915
22712138 795430952
22735362 906486454
22738141 191510736
22785644 994057954
22793612 323569249
22797487 892495548
22884008 536279697
22891593 264244453
22896804 990138331
22912694 658832747
22958105 453778154
22974547 963381302
22985070 735365048
22989576 705665425
22991650 444810061
23018285 811902071
23045102 474625467
23052695 980897324
23092649 381913679
23108562 439693610
23121754 680351207
23143274 132003451
23146458 977676903
23152355 650932804
23256618 27063039
23325763 6659979
23357842 884009723
23380622 53157619
23403841 328711463
23422755 509660183
23453150 567056032
23482501 585887049
23487691 364919593
23505920 336048020
23517510 999957194
23560162 61248001
23587894 678645460
23617275 41745462
23620209 117761297
23630673 577685307
23632716 841062312
23671145 711934884
23747379 73120044
23794950 477629529
23795054 200204230
23889690 771766218
23891502 643641049
23925775 678985199
23941741 44608678
23951127 790955918
23977677 641116431
23985021 404426291
24010548 162396151
24062816 801573773
24063426 71427659
24082413 594512260
24148632 508781582
24182028 391363024
24188251 730240676
24202526 244926710
24256472 414170732
24299350 672376869
24346230 206161607
24411196 121703285
24453374 723359112
24470723 305343133
24484327 454542901
24498828 842203889
24518127 300688180
24526140 219346756
24570315 804652986
24580137 374170254
24714903 568046968
24836009 959668053
24870288 707236440
24917176 640248617
24921433 614660026
24954050 17880948
24954721 75070696
24990466 466399358
24999981 971141613
25024095 272410182
25057853 826926778
25095480 107034043
25175566 442545752
25190718 63541412
25209272 1721692
25209670 549296060
25210361 115917920
25213543 273183030
25223424 899811173
25232964 473053474
25269937 876014575
25288739 84855133
25300783 721183729
25344363 38304232
25383711 719562229
25388810 564728042
25392769 967624501
25418415 379383094
25430525 554063691
25472497 890550869
25479089 813197299
25489373 676891413
25503306 460017326
25508492 857869441
25538749 803700764
25545154 218721643
25583541 689909037
25647409 223689436
25650772 549244089
25709824 942378324
25728554 13938056
25737614 271152661
25852809 851679307
25861293 909198797
25867811 375525256
25870239 396837167
25876909 60064511
25904602 579495009
25915195 880773870
25962752 199437668
25968597 595967622
26081149 661097459
26086325 367929223
26142052 164149383
26156363 102826952
26188162 979947028
26195077 47029858
26196001 213141107
26260710 580538904
26271069 203861880
26333633 116210921
26347186 683213157
26347213 466967019
26377480 447882758
26389660 819145876
26390769 545218817
26411871 753693544
26419027 188461261
26420376 962463293
26463654 178175884
26501147 126945414
26526700 960402664
26638437 8441080
26688934 982664290
26793386 740469487
26895522 45732570
26903532 587102345
26905379 345286506
26914445 869513254
26917674 701300990
26946706 224065043
27010562 108225940
27018151 157703203
27060863 169439259
27130311 173483806
27172369 69579260
27224068 276447081
27229335 49260205
27274200 235830530
27290979 571367796
27300307 927540760
27393588 206910031
27399208 273120209
27465334 143552218
27509364 529215334
27513974 291813234
27521342 818193605
27524964 268115342
27551549 529804497
27581275 671721900
27592185 725491552
27595199 975361868
27604479 880434806
27679807 950116396
27687960 332903468
27788618 544775127
27800988 602655969
27808439 622826162
27835204 549687161
27872127 591221953
27875428 652924368
27924106 887936456
27928299 339504904
27994380 508067770
27997628 356016348
27997744 687196572
28038454 458934593
28125646 904666293
28179448 205589691
28179851 54639274
28188942 896309027
28190738 331522248
28233087 147988229
28242730 652794532
28257686 435283427
28331375 956474067
28339195 693122240
28365027 729312924
28384094 138738740
28425416 950300818
28453576 346762300
28464677 691458602
28503299 194362520
28514199 426732115
28531994 525048566
28624028 835311418
28650532 616978499
28713421 330819199
28713804 71195398
28727920 874185670
28747928 214445845
28778293 326703935
28784219 813727778
28787912 443756973
28794058 787793724
28854513 51805929
28870486 890385470
28871757 244694062
28899493 600415273
28904792 941114948
28982284 100818953
29000672 201357336
29023956 641113294
29057961 649579948
29062388 971274466
29068476 987628649
29072091 50928940
29094169 43007875
29142006 844322568
29168690 435995905
29224958 429432316
29255793 752144264
29282836 249981820
29300694 26038062
29304212 434934543
29304970 673477742
29311008 893248422
29318887 652421941
29324819 33355238
29374045 163475184
29406025 121316691
29427815 527709246
29439227 605659031
29440210 848560506
29452244 567486399
29497166 614532239
29498872 248380607
29513581 263879065
29524153 499669498
29549190 252182368
29550420 951814873
29595331 571625279
29632848 851733241
29638122 342547005
29660253 61265793
29665246 549455786
29705037 201917670
29731402 448622779
29777246 936528621
29781539 211646241
29840959 774266929
29850937 762138807
29889182 416770081
29902488 417601441
29926179 903136642
29932371 462724079
29943187 576526801
29949720 56790877
29953237 142448595
29965100 773217685
29966282 592490683
30014915 411548319
30029259 462208055
30108876 943505897
30110724 387840644
30139969 402452480
30146023 340284717
30189271 612207220
30202763 544656153
30213491 415322848
30326504 462062418
30378831 920394732
30404618 807232534
30467227 797362922
30472755 759952925
30517954 974329349
30550237 803420110
30572264 217536430
30685677 137526049
30700022 312267020
30924886 77866931
30956190 41668048
30961259 762297184
31019838 968388870
31038512 623230473
31170981 742161623
31254607 394939716
31299947 273576856
31320111 900750465
31346557 332783985
31424684 133139676
31433455 903859032
31468209 416004779
31482604 607319984
31501429 569906693
31586616 32343251
31601742 777366993
31666382 940198826
31687218 673567507
31696142 331774585
31710300 949942534
31746354 932376558
31784632 579043778
31845832 17762343
31851523 719031462
31863397 178761886
31881537 63427705
31925315 166339099
31965420 951359251
32053789 142174418
32109098 554265993
32110962 832229353
32129192 179105093
32143286 470713870
32166976 80616507
32237678 765490285
32250125 936660343
32307262 168754578
32310517 377496251
32352679 538269440
32419207 172355046
32424551 421670447
32458378 17592904
32499249 847334237
32520642 711935964
32526521 694290526
32608127 5141542
32751634 576320585
32814344 272290655
32820184 905205612
32913029 267301640
32964111 45667920
33009411 531356703
33017246 824145813
33059196 112071485
33069261 918249024
33070466 951515277
33085851 575023181
33111588 684835137
33124142 596095787
33125843 939591297
33159027 170576079
33203159 76867877
33243151 55935019
33272008 778842013
33278144 511148980
33331359 830485760
33335112 106434002
33365748 573058686
33381907 464427233
33413484 941785308
33434704 300006330
33435171 83908787
33482779 539565924
33524681 565845004
33540871 461217334
33550673 173096659
33558432 942278365
33561308 652013164
33572893 974314685
33594686 941874409
33603960 313534971
33604115 461325026
33655978 720585795
33684006 892226464
33777074 591549585
33829720 27638400
33941776 964711734
33969144 706407849
33970790 959462240
33987410 91201364
33998016 728171436
34011960 676862137
34051309 946805847
34055583 938279898
34069450 772470061
34076421 792749037
34116608 646591914
34160753 662744332
34170107 401783601
34185967 126888115
34208808 838478297
34211072 578269232
34239426 876861250
34242320 682025284
34300785 821496167
34304476 187617986
34359205 353652980
34389765 310329821
34415858 886983331
34466980 209123625
34518637 90787986
34542537 998410938
34588528 375665191
34592988 386302753
34593730 163281113
34600332 596208058
34720082 718905782
34731414 6910621
34747935 837790200
34769240 587744076
34783403 497089338
34792638 166352319
34830341 913165002
34847594 401689256
34869548 189460616
34935041 824565130
34948628 529263327
34957540 106025674
34991845 662623748
35039529 143306745
35097392 470730620
35130256 791854415
35143169 71110309
35164395 89677654
35197723 368389879
35200668 975426666
35224310 134415574
35269620 797852208
35276662 904414490
35278533 965013016
35284658 276541541
35297002 998826479
35316969 454680445
35326892 396887598
35362308 9957129
35365371 402782336
35366283 12695944
35368951 389674188
35415621 225402813
35453654 138440681
35455489 820784487
35496279 102565033
35500799 37884099
35511170 503670214
35595689 300617717
35624138 709854465
35734506 421032582
35807665 95532237
35841320 468044348
35845828 351459116
35985288 271840022
36011041 146137690
36022592 574618938
36089281 760028694
36120484 352623178
36123127 815073467
36131512 567842550
36150959 267307346
36162448 188863716
36170659 149164609
36170891 936014568
36180996 981031260
36185152 137052769
36186004 243711531
36234507 449395245
36234621 945490371
36270095 330808889
36296534 820057225
36300990 264202307
36350991 898892843
36385088 304397788
36434369 407198646
36490189 699205037
36508631 568285928
36585368 236807114
36599218 567586868
36613111 950161098
36624457 618569704
36795264 708611825
36829137 993747863
36876817 310402721
36900474 482597940
36926779 700162191
36941414 803808891
36950513 753961135
36951375 220726034
36999364 700860262
37039735 210538649
37047670 146553274
37054160 391903590
37056221 552032703
37057442 945895310
37057917 935651218
37088714 388671617
37112285 813553555
37189586 865880261
37193288 26398908
37196491 51729840
37198914 797208205
37259734 76117259
37282599 190660606
37302887 781497783
37327681 964093930
37363460 824318584
37380814 325695591
37386170 249763603
37396564 929013004
37436314 630872024
37480242 566217103
37511806 613758960
37535858 233755583
37708800 263513327
37725268 128872130
37795582 684398507
37846610 321943279
37851875 204059519
37862783 848964925
37867386 597979844
37946813 266851706
37966795 850655351
38066044 103685008
38074149 913899766
38119157 370036214
38138169 432782615
38176805 782013523
38209895 303628383
38319801 796608896
38322505 548000949
38330660 381289748
38334661 303616271
38340763 485930780
38367354 21046254
38401262 147478978
38592376 946326711
38596140 35269018
38608822 922994195
38647016 314279252
38653341 153913184
38669792 840461135
38767198 257379155
38812934 220769910
38828371 558260956
38920727 682333345
38922005 616665533
38989147 10315215
39027744 986120509
39064249 382751885
39066384 345514886
39140347 958406525
39143900 839137726
39150722 528108519
39153784 502323338
39167750 155862671
39179489 495201178
39184776 459317738
39247912 244839968
39269156 670830113
39274617 376596505
39308767 723980656
39315239 662131845
39383406 627720620
39405298 967016564
39418278 179743514
39438991 323132001
39474034 12968300
39520135 119557398
39558385 695022096
39600335 741608517
39601973 629934604
39619673 187788332
39648049 234127737
39662717 485338234
39672396 60053169
39685499 3144584
39733947 486093579
39761754 568748117
39779072 804076186
39808488 834248265
39826226 448954306
39849516 763657402
39850257 949957470
39879381 671928548
39886178 514826181
39888293 505394936
40044658 975475013
40063796 37790023
40067148 715309094
40069244 217902825
40086592 424468932
40142147 685865103
40158328 430744481
40195019 698636634
40195518 999407099
40198751 378316340
40208643 328588215
40212605 324779048
40240248 936029108
40250171 784720867
40289238 397415713
40297357 522954991
40298403 771104848
40305707 745789933
40443431 831963923
40463045 107293699
40512782 466157793
40594830 429188207
40636910 873644788
40703330 980842610
40791233 385046854
40818227 109635253
40908257 237173888
40951538 371963572
40979531 838083549
41038848 205190810
41077263 759183867
41097256 192208116
41155769 482309342
41159514 811594278
41204462 305847611
41255590 495947698
41298578 532607795
41300142 108223494
41304695 16924947
41341745 740853338
41351455 542199511
41381419 52524054
41404377 741462845
41405562 662730501
41433352 71719762
41459666 817545017
41468910 335820514
41496544 836602640
41499537 335021006
41542582 439290451
41581015 140139183
41599893 613023255
41627700 270617931
41632189 766661081
41643553 254308965
41670630 898879494
41729864 829973325
41743073 624529523
41748137 633615776
41757521 704468657
41764629 7769684
41767579 429855425
41866802 942381165
41876621 202067560
41884722 647641941
41897233 228237855
41912532 376393889
41924113 869887376
41950095 894426080
41965407 394799489
41981463 597376585
41988826 704614684
42056623 808990585
42079688 304252685
42137642 990058530
42226521 564772715
42229467 106544340
42287852 70598611
42382704 889818334
42384627 102775755
42395747 359610364
42402692 919065484
42408692 624159011
42475816 114563913
42505129 280608895
42514765 360839810
42528487 806097931
42554190 156218230
42569703 958952467
42581603 425049552
42593744 228710788
42608185 900242372
42629737 347757583
42642206 953620759
42647992 865463796
42700577 777542673
42736935 376571195
42833586 517932236
42840299 1583692
42859000 79324135
42864679 830725280
42868496 820496368
42879405 100827535
42902389 251872864
43015734 286013017
43022963 274514478
43032608 125155448
43097605 151481859
43108812 703861144
43114291 860687533
43134957 903748337
43143684 723183091
43152853 71396980
43191523 337839210
43269150 950347252
43288696 294635372
43313745 908746107
43364175 914289613
43398922 615413615
43459328 753677681
43476184 533926172
43564452 306443468
43566402 44278967
43566755 373214452
43582416 938866491
43593397 650706401
43610845 804436786
43640136 557675421
43643016 792516124
43676921 640514641
43703796 820216283
43716738 477352002
43778569 813310207
43800297 111851257
43804206 144456424
43904528 163061310
43961318 789429924
44043015 688542885
44053797 953080135
44069505 184153184
44071548 306206523
44138111 739571599
44146114 724165727
44156273 451475942
44184020 491473928
44190638 664642538
44226410 26577452
44265455 670788985
44279589 363923753
44282738 235655541
44295173 80802417
44323215 730898401
44339141 715162010
44356544 346429689
44363670 721968706
44420990 360761291
44540380 354831467
44583213 271780097
44591648 624024822
44611801 11732610
44614485 380819551
44692043 416117169
44721204 504648209
44739250 915141491
44787925 80623043
44795276 747503252
44832882 642259257
44942668 911885397
44954550 913413545
44966392 801086724
45015582 86827775
45030438 501026973
45030763 18087193
45051593 672041317
45076513 539560365
45161600 861000429
45178254 425158102
45190812 377190495
45211435 847802975
45255666 936484596
45278806 410283794
45294665 19175960
45308957 548903513
45364587 830272927
45373924 75046219
45389172 64143746
45391461 338723410
45431311 95079418
45454856 548918666
45516387 813210344
45522279 976982789
45593035 690479048
45615066 136122393
45619832 341240837
45640198 452389516
45649870 584727736
45692637 981125691
45742907 328858198
45769869 647487801
45819704 214970825
45894489 370476734
45896570 753986154
45915164 282236157
45920892 23214677
45927174 241151958
45953781 981787411
45963749 598939356
45981262 266905757
46000213 500169872
46023439 412047587
46062821 666474250
46089561 897729803
46096184 549214700
46136402 93777595
46158051 146764184
46182727 779801073
46202339 895753803
46246525 358939912
46247059 800789403
46344812 647280079
46455091 11515242
46478112 415824737
46530741 783265951
46545428 766298616
46592972 489700559
46679236 506301929
46755063 88194092
46755485 956866077
46757565 382521156
46909108 628491894
46932695 987483776
46935194 432499766
46977512 531429183
47001459 483115603
47163282 816065942
47183798 1460054
47205978 356827168
47259178 250990922
47284620 17491599
47297713 445013631
47326880 646727058
47383602 616717905
47437252 738606352
47524116 611686305
47643358 997929708
47685902 67226829
47703032 254036869
47753718 182251961
47756059 685994218
47807839 47130703
47809331 795059048
47844165 996782585
47880411 9876990
47920233 749373850
47947128 265436083
47953132 465313825
47964980 748981614
47991649 154176933
48064818 4682380
48077906 656994177
48111871 615530873
48115671 737617786
48117647 144133997
48133532 477118857
48163117 720337241
48218325 101402138
48232964 536536986
48253162 290657179
48261707 568943087
48262795 822684860
48264808 405146225
48291165 621820301
48312495 540999705
48333646 97434230
48442373 865475607
48446785 708957429
48466874 45751379
48478375 231404869
48478734 4236384
48553954 511463216
48588010 649039668
48618990 648626990
48624925 704574628
48639243 845049511
48645982 178816375
48731308 400597925
48776944 232559166
48787382 873226564
48821607 214103561
48828293 194369324
48868791 24790378
48966177 809772603
48984878 659790159
48998231 236948731
49050703 51849250
49051500 15772418
49054079 936360342
49099247 294119254
49124624 476145012
49149795 260522033
49180164 127178180
49196333 831784178
49226933 686482826
49265372 585301467
49285702 116909736
49297504 674865092
49330812 706360857
49348318 413031234
49349062 745973526
49378925 233921151
49411933 1179447
49413589 573484134
49455685 157951380
49537878 371987507
49574439 177052713
49593975 65525386
49614956 712500413
49620591 187465640
49627788 573007865
49743636 619674379
49787488 381653661
49797680 948984250
49804395 282627367
49820450 841293451
49842775 342397125
49847743 242307629
49857079 725925782
49865210 771097358
49901587 759912244
49902576 773745841
49934698 267646853
49936826 452504277
49941695 539788161
49943762 696987980
50007586 375966443
50048399 904168686
50057133 157244383
50069627 48214887
50109030 300815149
50114386 828317299
50128111 5599551
50142552 924819956
50145316 734068845
50151431 88155378
50202922 750832905
50377929 404530243
50394416 626107385
50426012 178291371
50436538 900597873
50443438 565139643
50513286 606339155
50517041 140138921
50526722 731158425
50559616 136442691
50565843 884572607
50591221 395462529
50594364 883769255
50597586 980765394
50608213 406403300
50626409 953978161
50632169 626485980
50649231 795733449
50662635 289120890
50723752 90640239
50838795 655019341
50952794 69323072
50966213 164222420
50975385 24807010
50996593 130540804
51005709 319867064
51018991 436614617
51045575 760946100
51090391 170397048
51097091 583095110
51121651 12200084
51144556 435964968
51184512 329672290
51299996 271438073
51373162 81645044
51396805 61651213
51403905 482809285
51421475 836854949
51547775 805451066
51553266 413062458
51571045 944917896
51578918 490928740
51595120 319406248
51688952 407871791
51740643 495751130
51753069 142618573
51779725 87432216
51782393 448235486
51809000 66115967
51820543 15026024
51853812 263587403
51949644 897229228
52013368 904129851
52028299 439199801
52028817 895397587
52069004 687357985
52095478 176031900
52107921 905808218
52118327 691771422
52349399 210532320
52370137 273880729
52371719 358153270
52379976 860245413
52412127 392935543
52422102 192284329
52455216 182727513
52487967 506580730
52493769 729592631
52496397 544909138
52513516 885142433
52518281 335355408
52541771 470922846
52561284 729235929
52622817 127857176
52640460 113106599
52646745 834140936
52649318 808740539
52664685 939651635
52692430 523944658
52746767 119639651
52795237 374451252
52798929 1563127
52805935 315753638
52825574 191932834
52850194 694023569
52946928 743570546
53006226 35802327
53006721 566307752
53039611 169981030
53092928 163754074
53121105 536644334
53183512 576260065
53202357 488717812
53213380 890500694
53232643 987084019
53243284 364281624
53290916 91572827
53337607 42991489
53346936 378116790
53379506 132134492
53410742 756632566
53411106 152958833
53427240 101649862
53435099 630892550
53458695 814294574
53478587 78910058
53478604 953502699
53510530 609678202
53557578 466966216
53573124 514220179
53575389 526955500
53602682 332505094
53678618 168420297
53711032 969060464
53721475 995875659
53741180 38637184
53754252 975030241
53783380 270459354
53802536 439354500
53805249 933357468
53837749 232970051
53860627 596196159
53881334 349258637
53881343 495215052
53931039 46354941
53938347 523184564
53940686 303803736
53993967 711371290
54042348 253102419
54056402 980096844
54057422 84526879
54058977 285517129
54120230 925584875
54126526 959527456
54128439 876683100
54137506 992548560
54140839 640992422
54144555 783220812
54153979 701894272
54177073 758663278
54219866 168064433
54256830 168070592
54273614 698338186
54280989 4522799
54322275 112613853
54356508 369731799
54376586 756020384
54406766 942774606
54423846 364325684
54494544 355723849
54510370 174954623
54564735 493653062
54586560 453005347
54680226 577562127
54772380 233282278
54777763 112276624
54805564 362624740
54836410 111855853
54890755 363991654
54895910 574040497
54903051 210754476
54939844 921898829
54968628 9151542
54972623 258225659
54983756 833645396
54991789 9926139
55034676 736925930
55037498 595366092
55056697 907858742
55057544 403111898
55080944 657787667
55099775 125794560
55112428 537559437
55159119 853330360
55292048 896187234
55293124 481311125
55329019 816167831
55397173 273961811
55436506 580842583
55443273 729509452
55461139 195380709
55508908 140049067
55541335 750201098
55597804 461462293
55606074 344301490
55613751 421009495
55623115 441230560
55637199 424267060
55722977 417905747
55731845 10030310
55741384 560554248
55767530 368842566
55788085 192816286
55801531 258766609
55841273 219326322
55859799 460589165
55865697 544392752
55914535 370359619
55995397 931170516
56000771 201122518
56040399 810945499
56059104 494665569
56088242 833872055
56160661 632396039
56165364 954633820
56205504 224696778
56206998 114594081
56251509 967283343
56259752 243059132
56305228 428338868
56315413 963740525
56453332 380681031
56469282 733563563
56494289 992686637
56504847 845615360
56508123 432197733
56535863 603984637
56552007 352970590
56561821 78291327
56562397 97390472
56565190 669869160
56581204 680525166
56591213 679968856
56628229 727817469
56666709 455221679
56726863 506802971
56736029 464548899
56818120 595872338
56824500 638819870
56827199 304104124
56849228 751832433
56902620 919579737
56960146 817191399
56970956 192870558
56992836 855758230
57007282 660875719
57031760 692996183
57032565 484424827
57040949 755575350
57043818 923053814
57060943 434282333
57082298 452619623
57109624 634100809
57164045 315131186
57304064 219287892
57329451 583210403
57347658 749115905
57457673 98063208
57495659 794289115
57519463 723783106
57579242 259273613
57591807 796640641
57646462 800662460
57658893 967877676
57664460 512582120
57693473 759234955
57706664 727794410
57769731 799090355
57781570 393458444
57786350 296571460
57795596 332112136
57801791 211168783
57808919 867356565
57832395 884140929
57854612 625653440
57876867 455192952
57905622 768666676
57928032 445963379
57940451 878248737
57941735 37948451
58006679 985336598
58007744 256935880
58018719 20071486
58029795 144509444
58036480 819932728
58078436 894829149
58096780 130969305
58138690 895229997
58139606 886654199
58152944 186764073
58162345 178455354
58180826 965996485
58181894 554305796
58317145 265755849
58325404 291720400
58339005 110686924
58361165 379388737
58364205 676532273
58496394 541804210
58503338 53852199
58512673 559155788
58541116 914848762
58557398 731109616
58560011 579106863
58578721 925272108
58583558 64328504
58678477 427992142
58681344 156750800
58720929 945368413
58724443 896810736
58741109 367951518
58801773 728885886
58816426 442122234
58853539 460947956
58958477 789373297
59037560 308124982
59048276 636418871
59058646 818403801
59110946 515405748
59130734 175773153
59134369 373152247
59165893 760414022
59184257 219540481
59208943 338212314
59231234 15763926
59233275 92975881
59296100 634172413
59308363 530765502
59334590 453218589
59357830 720575053
59363169 932142304
59391274 312121168
59438595 965147725
59449359 33853286
59507505 22890918
59525587 891001230
59572568 466691616
59582604 379129675
59583694 692583716
59619869 47937644
59623965 502442593
59693930 382598639
59715123 52753318
59727144 632407371
59741091 919716663
59788068 120403399
59850979 268930083
59889150 32585235
59890745 155634015
59953368 668258438
59960314 267129728
59969324 434213119
59969944 312278141
59995635 258001913
60006072 494900879
60010410 897198409
60097676 629919950
60137305 533820611
60210193 46417194
60286477 70810337
60301910 387122978
60302343 648688634
60349059 464017463
60424387 868525537
60508447 6801214
60654872 973487336
60665004 162037935
60689167 251354804
60753097 667133942
60770076 320797968
60795194 537839292
60821855 223857943
60839254 314855496
60855073 298855775
60864434 428400599
60891503 135130374
60893681 5920897
60982447 494901343
60984273 678503169
61022376 448395460
61046024 695033273
61114470 566955823
61115551 938232761
61123740 742446003
61163552 374828302
61174299 162198767
61239899 524286455
61246397 50294969
61249614 750365006
61287219 30119793
61298146 37478552
61326843 290738548
61357096 667311457
61401383 271165043
61428441 454965112
61475025 298952242
61507255 710157516
61517445 340352027
61535136 162761346
61624351 278626255
61663862 616857673
61839444 202544655
61847085 532037400
61903264 363440620
61905477 602868165
61906249 569956738
62045240 160525771
62059323 853490392
62072779 8681824
62084728 16241526
62147196 892448964
62154575 234231394
62157043 377231862
62177019 193966086
62237059 144261783
62241719 805767242
62244327 464645291
62322566 198166240
62325846 402703978
62341237 590282864
62368601 496885597
62372034 12802412
62469023 530105554
62485780 22258248
62556534 539893265
62578934 968507973
62606087 681089513
62756855 623946994
62777738 811847952
62810731 145304870
62864671 645825887
62903085 896460103
62917430 143274800
62940669 965332390
62975570 759981184
63072750 415535839
63072851 616201020
63073666 635650483
63098989 694964434
63098999 193549425
63103404 9824385
63145971 27330893
63158690 312317069
63226509 441239161
63237666 609904608
63249232 23399405
63280699 866457727
63354269 983970336
63381685 341560452
63403935 823135221
63469363 309731810
63479205 575797991
63489748 243946789
63602428 805399474
63698890 116505431
63751368 342808548
63817767 215158887
63831892 120060483
63833996 396762079
63879100 790873643
63881393 693534930
63896401 218945307
63902462 519570356
63954915 42621884
63980539 914820110
63993364 185650208
64100586 986721578
64121379 300725347
64138460 625808798
64149914 764095014
64175448 80216735
64176566 639929498
64214982 237007992
64231370 387355042
64264131 237857183
64269992 917886073
64274071 334932379
64274996 42795474
64284823 642521405
64336443 619177765
64368029 67106657
64395834 290753931
64411446 123841010
64417711 799095196
64426662 410744590
64443891 891598475
64449656 727296855
64467149 762919184
64479915 934936319
64502608 86772027
64520449 914843157
64520665 659748654
64570217 723288589
64595850 575961530
64623066 191425346
64640321 25648684
64688280 555385212
64705884 522595632
64708747 378486128
64710711 540935376
64710980 329312064
64718443 62554270
64767984 627695130
64793518 757308514
64831496 580836755
64855050 980192208
64996076 625697257
65010878 17208134
65044928 642491998
65067204 176736275
65099430 756711633
65142332 26930858
65195796 627749418
65213918 497473237
65226839 433471176
65276416 241735672
65292819 244995532
65329231 34229471
65403375 557602709
65442191 148220761
65461605 22112755
65535081 881917393
65563225 613521877
65584460 211905877
65613400 254012624
65682810 966730877
65790532 25373101
65919169 949364375
65927482 951901082
65949557 907329399
65958126 951602373
65971113 343745192
65975326 539448465
65975377 207028094
65986950 512942340
66002509 180476709
66077256 429447782
66107999 716241636
66199738 477944916
66227066 329036635
66228390 399822759
66273679 580981129
66280790 941128204
66358862 545802548
66359650 589564598
66458897 648617789
66483784 868931175
66529035 8552071
66552705 640770641
66554524 67808655
66561338 838309671
66581559 9529362
66581574 717715182
66595097 666021176
66657688 469844041
66712584 836584142
66741191 132486072
66763283 892296672
66770516 410433439
66788537 825568625
66817705 555325152
66914314 485322385
66920175 100157472
66936227 640891869
66973972 646474341
66975764 680433395
67039089 532297154
67063786 784836639
67082672 38034663
67132197 727364805
67136009 965195396
67153913 445772924
67155213 459640353
67162870 864774414
67179274 489278023
67199243 524150819
67221278 88824313
67239167 844790144
67273669 207724963
67294801 713750417
67336428 932157844
67337497 56078285
67339589 187488634
67353883 14240113
67408314 12564268
67452819 18363573
67464634 612142168
67486870 499959359
67533678 454246990
67565099 851580932
67573799 236019414
67609606 582853843
67644492 51707421
67647868 784009123
67648174 213974357
67666400 59960079
67701250 200731620
67707760 860263731
67741724 797135633
67748566 465467562
67780032 842401326
67852299 295082778
67875229 888115622
67922679 495161420
67922884 781822070
68003978 215000989
68062248 999747892
68089140 833908726
68120873 301451561
68135613 222285505
68136469 43439000
68218504 313606337
68251867 156651553
68344893 657038080
68350477 879299429
68397232 215146804
68477500 217220843
68505080 678465838
68538416 80495376
68573325 768660002
68600528 664157227
68609209 549864555
68612992 49504923
68637101 702984358
68652390 852104118
68732263 241790867
68867835 750509639
68889440 719859982
68903526 969233258
68927523 957997335
68974634 797966754
69037214 250497749
69080496 824716753
69086717 14781204
69109058 145533225
69114662 374531918
69150999 654771679
69151152 185703902
69160329 789127371
69162957 989600416
69165271 672502139
69240276 867436712
69326109 651110675
69332395 21359163
69351838 404614972
69387136 942734289
69413258 731864420
69452112 284127668
69460111 139113913
69494168 579597733
69495866 834320561
69520690 561331801
69545224 321182513
69561598 500741989
69569560 662096119
69580847 178745626
69611797 268483100
69630311 483691019
69679659 893294352
69702112 468241031
69804326 239780231
69841328 269477720
69842275 551171585
69849792 863596015
69892818 593272245
69933252 187518126
69943765 504281383
69972761 104186156
70003706 621726487
70014553 926708029
70044356 162808464
70050195 287574896
70055970 624789092
70068567 912816754
70084295 948660487
70111618 244933460
70139464 705636161
70163972 498901459
70169995 735328524
70182145 379065167
70185960 72221371
70197873 996126866
70269936 729764311
70320485 126738179
70358455 816214002
70419063 669529781
70420517 915264889
70423293 870356402
70552529 219595606
70593490 592263210
70640511 896974673
70641031 709893233
70672671 74525025
70684215 544089313
70751516 151347886
70759086 310257722
70796130 793675774
70817144 885366587
70839727 965767421
70862384 42362432
70865857 901255107
70879943 853870399
70884676 704119569
70907140 695509105
70912568 107300122
70913034 92709865
70943756 642320176
70945691 404573142
70973501 457401813
71017166 39909811
71077451 723949800
71090988 745094348
71094682 332454667
71130645 950909098
71149381 533952000
71152601 544762994
71182921 483316351
71196869 551330921
71209327 229356378
71303873 324239468
71308792 609603258
71313886 887100947
71328721 548730404
71351584 775901697
71351729 921344537
71367076 373228598
71404078 287968260
71437019 573432488
71444966 548487379
71504642 432467308
71515599 390001788
71547663 399460417
71576899 280972352
71583029 301951278
71603351 672388577
71731729 642840419
71739927 157236516
71752296 714192427
71757439 681177158
71773764 425725186
71805707 550338698
71810049 252606017
71841358 797612743
71848979 252934246
71851791 658175426
71870089 650844446
71941647 712727466
72037233 100828614
72058572 945844872
72069474 460905380
72096706 693819828
72153217 17475104
72154444 261087136
72195407 963687126
72257725 56021482
72301481 699350802
72442143 956842425
72497181 213165655
72510554 869629206
72525276 156793581
72570657 925153956
72613201 171972354
72636470 110390127
72643962 763872852
72662142 210537325
72672925 330326177
72704239 573646292
72712625 840074746
72789789 168115639
72809417 178583746
72863880 747997590
72892689 294131530
72954878 50134536
72983199 360022574
73056084 462636736
73135536 94510759
73150966 576318223
73236255 905504712
73261163 305210785
73263150 62904692
73273135 410645308
73274930 36293790
73281005 926598874
73313911 470609974
73327257 100503914
73390897 582411484
73435787 2153372
73445924 805742781
73460659 395890477
73515209 352515677
73564671 253950296
73591413 559895657
73601201 881969125
73625525 619071019
73636678 937135192
73694732 290568354
73905289 497904524
73936254 23780009
73960948 759785237
73962474 371871347
73984745 803525243
74000535 442590220
74002798 178453848
74018105 120683680
74032758 168438521
74050632 787081127
74052358 608348823
74079763 142416708
74101534 846763778
74212653 193678912
74227377 611331945
74243938 551222347
74251592 381171353
74284508 625855798
74301896 553882470
74311260 70040073
74324913 60427711
74326314 705524275
74338760 321820030
74366035 875854025
74372527 337949119
74438420 786936233
74451169 357999591
74513985 806221524
74533277 583619436
74587468 965022409
74589415 839873003
74590406 3924559
74624477 49259771
74698799 226638149
74705339 214844958
74721028 33076747
74766039 437142613
74816823 105903845
74841578 342914065
74856697 954587767
74887975 896850865
74908001 863935984
74915047 919065840
74933518 653821513
74995586 851729293
75067163 993189602
75120721 360093772
75164946 923619154
75209557 508778347
75244793 942206864
75259392 80847860
75261085 249470407
75296203 970072908
75323246 137513097
75330118 501946294
75354061 196833992
75484267 555355846
75541847 999799784
75580753 837131130
75674357 311109868
75734884 203351809
75745061 181833569
75780618 323658986
75784093 525061497
75794070 469668775
75809083 355743036
75843207 339767438
75851973 312910151
75924058 13969821
75943229 331976866
75978380 139686466
76093878 79902615
76201338 395828769
76204519 657724494
76234846 66582535
76323061 304809325
76333156 675776168
76340787 166525757
76348299 532639603
76356991 979502892
76362469 16469072
76396534 725592536
76472361 181282440
76479140 182158974
76487476 826006555
76521253 711357861
76538876 134200875
76566504 786523394
76579698 753134616
76599790 524183960
76636594 648101904
76659775 270879856
76680843 30294929
76685837 768675268
76717887 657401441
76776361 499258417
76781373 196689138
76830864 430847071
76832488 838051428
76833175 458871648
76869727 34089112
76875484 110872775
76892198 187652470
76921432 498200760
76943106 442516923
76979569 20243883
76994297 593827056
77100196 759585390
77122554 380468758
77164390 779459794
77221208 68031870
77256807 822975537
77281876 109971824
77294594 101668331
77300536 156335967
77317823 959826937
77318897 466899362
77349922 52882303
77378495 153160878
77513746 90965123
77521989 940218822
77562574 373921794
77623606 616385010
77669079 555035480
77719342 737319287
77734081 555169994
77734614 658272447
77771640 69796562
77868477 381928411
77944954 84676770
77956819 46589570
78044744 679399531
78048213 380648934
78077181 826405622
78079399 437160415
78100572 912357046
78108798 301055893
78143672 666986628
78154583 352677665
78168349 316528655
78190650 314204586
78220621 761187103
78237395 897708410
78239002 124876702
78268229 839291028
78268251 229974736
78304037 691823174
78312579 295417005
78317971 844081653
78328866 705417720
78340138 251852438
78384713 714271419
78405085 231369321
78409261 464610463
78414906 577355419
78490080 236014180
78507095 594453320
78511749 514229789
78519643 919978576
78524410 832066156
78539200 172826588
78549928 255937393
78578538 873057345
78584630 660995313
78599727 191664411
78641465 37270456
78743231 3880700
78775458 912877594
78858589 624459476
78902186 539603315
78908996 479669561
78910618 64509369
78931596 422465321
78947954 852573712
78964903 787067301
78985460 185809897
78996283 436058758
79022060 744806543
79026520 474803626
79056988 349173514
79061206 921643520
79067274 717447937
79095680 777673232
79109546 156166716
79118225 683583622
79163395 424041894
79241022 949555374
79262933 580048263
79278001 500363653
79300069 714550133
79302198 158950424
79310451 106590047
79332331 907763138
79338941 533342965
79352047 983401273
79426008 416505977
79500196 832656119
79530822 406323483
79637629 469141700
79690281 259315331
79692735 245994579
79727051 451696076
79736980 701320121
79738658 29671148
79807235 573805483
79818044 42053888
79830399 555962583
79834167 165337910
80009420 772447626
80082382 305426111
80109279 644318639
80121566 89990272
80152015 593149244
80228741 16915742
80246140 888023232
80246700 645560163
80257029 24744295
80290957 954141803
80341015 333540226
80384120 481591534
80385097 290300689
80414800 249105038
80427554 817016741
80539822 250030056
80608241 518608415
80617136 910726036
80617612 308579588
80639356 400373047
80642808 140315077
80667766 707722662
80736900 277663900
80755939 688404492
80756699 890521347
80760170 626278170
80823408 203982599
80826593 667380388
80830990 533359221
80850751 241781834
80868921 581410623
80885472 705619903
80898390 636327444
80914597 133492277
81017998 284454521
81029268 441625465
81031471 787070283
81074426 234294357
81111171 856440708
81135395 560817829
81173277 715939411
81300368 746114708
81319311 356892908
81332309 552355009
81411998 795336983
81416044 500270790
81432852 880337515
81463264 201309566
81497066 746189634
81509599 567638931
81521748 498486934
81540358 448255735
81567098 442163568
81570915 191520145
81660851 602472019
81709777 39868753
81794960 541476181
81823093 554877540
81931395 728393591
81942321 159485949
81942836 155391901
82055276 859766934
82101460 316235799
82114398 995370932
82122048 280950861
82144168 365744719
82179599 792060751
82190465 38155384
82253090 520387142
82354796 862341610
82411497 952693185
82415620 641997581
82437123 54858166
82443521 274552994
82475151 906298223
82501471 193627101
82534124 226718871
82561513 434504004
82611517 24010634
82647417 456040409
82669780 828419551
82701219 396165873
82730127 761742132
82782392 489446371
82807368 193655114
82815679 579563486
82827133 537010347
82833713 822176754
82870275 422774540
82888865 371353286
82909968 299625118
82912050 723969737
82915867 134715625
82935405 738442497
82945870 857871808
82992443 406587513
82993884 809521799
83013946 963373190
83016555 328109337
83039238 888891093
83075775 205133498
83086038 3977340
83091464 966678524
83140646 936530937
83181744 964248687
83232297 353111433
83237097 545945278
83351985 82745340
83401366 271202835
83408625 176147485
83446549 728531983
83471006 997203733
83474839 979664204
83593902 674528445
83594342 212867042
83628303 930392355
83645975 60932398
83655795 214096267
83708466 36755950
83719288 238580174
83720777 789922726
83736517 124800682
83743702 754910009
83853642 679420395
83911356 452027474
83956943 834887639
83982686 523733845
84014064 109645006
84078569 940938151
84095739 989099120
84104928 747502892
84118727 105022579
84147177 214212192
84202618 157005970
84244673 839144369
84248216 990306702
84252049 695731737
84252263 714067243
84272555 65086400
84293537 890758349
84405789 338478284
84431196 886705
84432322 656892144
84518722 316424438
84527899 295903212
84545379 751176619
84551394 846005027
84563367 769941015
84592626 236227680
84614547 446444458
84645026 964070006
84678546 83566628
84703717 493543624
84720745 509213878
84733210 773806319
84744061 942353453
84810034 877397084
84821821 152534475
84853218 702455869
84912341 707407467
84935797 823204042
85015964 618478171
85032043 320755890
85078173 636166997
85114718 958676405
85165894 84861960
85214718 641412764
85218420 735670150
85264989 980889900
85328305 141204104
85371153 721791272
85409476 417237278
85430664 103206308
85591733 16516819
85604357 121995579
85729340 946709883
85739828 111124966
85765449 525926888
85768851 571802141
85809855 819072341
85825980 131173173
85829530 687833638
85851962 225019286
85907547 455890413
85962891 865788349
86112952 249743630
86124267 752414898
86136504 5295108
86228310 362281686
86228345 579798566
86232195 185393306
86250542 500337258
86321149 251851718
86369215 71657896
86391271 628248567
86409036 259963993
86423529 549655618
86443393 669117212
86537962 392490340
86562587 642006443
86598685 601151896
86658007 879374980
86660488 863749723
86683110 504908579
86686695 187770434
86690679 876827790
86692796 253672023
86737032 820454706
86760739 466640724
86808520 297803423
86858660 466394845
86900530 594082397
86904346 463878720
87142714 89722468
87165831 688804270
87167896 436652688
87167947 531657356
87172945 124408520
87205748 137771719
87206997 791101516
87227379 157527061
87232210 678936084
87236290 732862859
87254741 710634331
87274057 466119364
87319493 637079314
87321455 462809401
87339771 409039367
87401467 204411346
87416150 164416509
87450678 176847746
87463796 780811381
87486458 833393373
87496231 904934218
87533441 921396607
87567227 793407308
87617196 202827784
87667278 207677616
87668230 89138650
87707965 360514369
87710829 811254233
87718450 527494050
87743169 554031821
87762495 677485124
87814463 69546016
87857553 19910935
88013508 791005323
88051189 217831810
88093181 806236493
88132262 769472027
88153334 7038114
88158171 152515822
88182504 625378017
88236665 12753230
88237710 629956777
88245071 299406179
88250853 486621087
88268491 545963063
88283341 781728219
88319494 356784625
88336715 733943460
88337030 748369306
88339866 702158295
88379998 830299949
88420765 65997956
88434374 901149271
88445464 783364662
88456869 951036584
88473555 706265656
88508945 646017270
88514390 389738998
88531221 662574586
88589480 644167098
88606907 890516158
88629545 587365051
88637630 635987711
88684417 513843336
88702056 217468921
88720200 705577545
88803676 659549144
88805652 893151973
88854268 645891889
88880360 113377481
88903661 749860941
88950358 207093792
88967685 678489962
88975315 245254473
89035175 196297803
89050392 835493041
89053407 754156190
89118475 531474060
89222162 994175062
89223566 855572448
89225466 16606705
89255066 240194681
89279674 954273073
89280214 763515752
89297767 51902110
89375477 384346076
89376015 88147191
89376207 847175942
89418868 663339986
89447265 491259596
89472161 327086206
89490152 249985067
89517738 202438926
89589335 205106160
89595124 996209361
89637583 57332355
89662282 739174902
89669928 114506661
89680714 196557561
89690035 882079162
89751186 472694253
89802030 887182027
89811184 302655433
90009462 704270677
90085863 102040803
90098666 376653819
90113342 330206446
90137929 24131701
90212512 330120364
90215755 267246837
90217026 620573603
90219313 536512038
90225397 652966670
90372814 228092372
90393353 106425131
90421017 807708905
90436848 258453937
90460772 337373108
90504476 648700847
90512293 936545388
90531273 246151422
90581775 421740731
90592352 882568525
90597334 995329640
90613262 57458417
90669762 50676051
90740935 601897190
90827987 916048096
90830653 621151297
90832639 896029974
90868649 596387259
91003752 767482742
91119001 474776947
91128291 680481535
91178046 946732940
91207489 140978027
91213468 275695592
91246955 782407191
91361129 973125832
91374873 490996455
91413942 788731232
91419359 667372752
91470603 166744884
91495562 790173681
91497323 794035425
91512049 414479574
91545632 799827766
91547939 843961180
91555439 38511473
91569233 310397009
91625079 4224885
91633079 413089334
91652729 518801527
91667429 679884047
91669055 91482605
91766003 539290613
91766208 153983837
91777761 854420509
91795001 117029932
91855956 447891146
91856758 205815223
91976180 511425851
92045985 880261739
92072282 108250424
92140724 247145225
92175365 357679561
92196590 799478696
92241838 312896375
92248574 168161418
92311781 320313715
92330547 150935232
92334512 172482299
92344490 455678859
92351000 255588872
92362338 84187247
92370192 12201305
92371734 859928129
92380623 312973033
92443151 322493333
92467669 509304348
92478281 931424999
92480617 832590572
92482616 484855411
92521448 130848374
92523850 37844547
92540155 870181378
92553445 33607437
92575158 230837342
92608443 808999934
92634262 434258222
92640678 565611339
92668757 734540897
92705582 956719766
92750891 32481057
92754666 708780272
92755634 470674191
92781890 185539184
92825131 543149096
92847705 373693057
92906763 531602895
92915152 197751928
92936933 977472840
92961963 65984774
92964776 197852648
92984404 806021688
93052213 738413159
93070366 975662197
93117312 17183144
93134475 824389053
93151559 955912982
93205309 376640232
93262056 732026687
93282014 40713297
93301228 509484352
93309389 620412978
93338250 765364528
93341153 889520052
93385398 540857072
93385986 208400459
93397529 259734475
93481586 786849463
93551615 241841324
93571105 752528330
93575412 449988053
93594888 954370462
93608798 265235800
93638651 488384308
93760106 135081895
93875474 95249499
93880309 149173935
93910443 639297547
93925081 416718721
93935944 790010181
93962740 385059517
93988544 53762576
94030556 508018140
94089288 888759627
94105150 906917562
94189184 712686299
94201949 75296450
94253991 831810062
94255999 783674008
94282227 254379898
94308089 709801687
94308214 446717059
94309688 487454535
94336625 816437074
94350022 825566933
94362403 729307486
94392463 361485513
94404785 782410419
94443383 323373647
94559139 229554909
94612226 715707346
94629249 812242272
94682042 625016609
94707639 694118541
94762471 868707151
94783347 688798743
94808673 80432049
94821257 130978184
94832224 438758102
94863218 1179603
94888073 953525126
94909537 147390800
94937405 241420548
94951272 481364203
94957243 793449363
94995944 660578801
95023284 820974103
95067953 737836319
95085234 791120950
95101162 458475492
95125353 164674420
95125788 537106471
95127114 990233630
95136218 218921132
95143356 199303640
95182588 720846839
95238248 749315041
95283259 167297743
95313843 178865402
95327126 28273710
95334271 308154657
95362411 152178615
95363130 165219959
95377838 98983796
95405636 722469513
95453541 782843398
95548088 511755009
95581022 942976091
95581303 860282753
95596703 788308713
95597340 240539126
95623500 444596002
95646330 195497090
95694172 417336640
95746233 754610130
95782064 197635175
95787718 944719325
95803512 948153132
95814946 240475905
95836350 612786030
95900984 188392081
95957148 860850481
96053926 345722885
96144667 532924527
96146472 10867921
96171443 407108395
96176294 897680553
96210413 988018245
96239931 906496863
96315299 781881151
96319725 805627386
96326794 144466183
96392131 531470572
96495931 115200358
96519012 457693546
96536009 188024295
96555387 790664497
96557313 148436454
96573555 434761635
96621407 672085127
96629637 343475653
96644520 553841272
96716897 869985802
96827261 5147657
96834433 380640064
96847688 930886330
96890257 157053506
96919406 387727306
96927061 299231771
96931545 109875898
96935408 829716792
97008410 412252255
97027213 856699241
97057030 159382190
97075144 956312952
97086642 276287343
97106096 969405631
97148744 652761962
97226022 481470198
97230937 75973690
97300891 310272649
97323862 574715834
97386442 380827922
97418741 859482248
97448641 499840112
97455351 256419386
97458674 928122405
97475759 280074269
97507806 299179382
97544269 827701215
97584762 815482648
97593865 787895792
97621687 570566025
97664943 322632887
97690665 687681297
97700674 860554066
97756453 378296856
97776255 189739429
97789105 591374982
97817919 587424359
97842714 499664039
97870529 423827285
97881026 137859793
97906643 963673615
97916851 233041788
97953926 729722611
97997329 386288216
98100700 588780734
98159271 751504855
98197131 317179972
98229091 299659391
98258158 984235389
98311688 930985245
98452894 198619900
98482756 614357068
98496119 52525301
98518820 998355930
98562420 926206812
98567433 932335193
98616293 138794520
98638580 846694833
98682515 269171232
98744940 696344497
98746124 931748532
98752793 455321762
98785325 450549224
98794548 38489550
98839106 209948985
98841940 272653838
98870091 316390914
98873358 940293146
98944197 745631349
98944629 383631660
98949462 831949833
99009918 823757241
99038356 622489035
99164987 373336578
99191832 615346798
99280561 106921640
99309797 609261147
99346550 175031790
99376030 239749299
99396569 712608397
99422259 879017378
99437166 769500810
99480933 941106172
99487434 212855465
99521617 440829246
99582378 606384235
99590730 677856415
99598212 34714057
99598339 172051622
99602754 612518875
99726336 850679610
99741041 699928236
99777384 312280411
99832315 75958100
99858307 49131282
99873127 621567666
99961110 627717748
99969347 542212905
99974536 837312810
99976293 417983666
100012572 794612142
100077061 105703921
100087102 330224237
100113128 278829089
100132658 448398937
100137823 674060169
100158544 261768383
100159961 803386793
100164044 372909196
100170996 435140258
100191761 594014498
100290404 88880381
100303304 735730277
100504468 958831702
100507554 982798709
100509740 520808342
100512641 314314829
100596813 798769294
100628655 651088237
100647429 129479012
100652295 332120716
100656330 739690233
100715846 622447143
100756813 779398056
100763487 619195309
100772697 315172500
100801082 92771349
100814622 306538704
100831930 114258742
100843767 909732974
100846623 68119116
100884489 407492672
100981174 126637792
101048993 454824833
101081105 607897534
101113098 970572770
101114742 393214565
101207194 672872969
101236538 737201487
101319922 172081821
101356867 493376839
101412100 720908901
101469229 46142870
101497222 204411432
101523222 111297489
101534843 939446093
101598907 686455929
101608744 657639852
101610702 66041083
101628984 774028769
101629324 667436621
101636961 404752018
101670636 186106341
101677369 873251430
101724442 431863440
101737052 688514069
101762114 244803822
101789369 926107011
101873922 542858815
101913216 798892790
101922250 330481116
101957720 824098750
102015575 490122350
102043470 459608702
102047935 139349003
102067107 882839224
102084894 482973357
102098897 638411824
102147958 390212236
102181176 378358990
102193322 854390708
102212839 657904840
102222844 935034480
102263774 937718921
102277286 772517586
102304370 596153560
102314038 794464926
102331292 87107296
102343995 422912074
102375781 564012660
102384851 248784963
102423281 776453987
102428879 905778087
102466093 356475228
102473527 355669744
102504371 807411185
102558113 373937722
102643395 228849022
102762496 979490601
102763370 406457440
102768049 330815696
102769881 934312508
102793583 95703839
102855242 914001608
102916983 389757864
102922242 981255304
103015303 640264145
103050700 744669315
103052857 177441888
103106636 992775315
103139413 378894329
103142227 224252554
103144090 408613741
103197482 71774749
103229073 232822926
103234977 112075760
103277877 300287668
103336310 161549873
103336384 606740350
103339874 21029534
103353642 712131103
103355690 50750824
103408577 709366702
103440485 722061504
103481234 443978692
103481893 74620731
103510185 147071068
103513206 675097674
103514280 234528414
103518912 364820112
103574735 848968526
103574867 543411137
103581984 365040344
103596637 818455527
103621706 966808454
103652792 946915151
103692678 15952724
103720455 398506563
103728289 969936438
103761253 936335033
103762945 729912263
103782062 617900709
103796543 946874698
103836775 336338418
103888123 752533262
103894669 761990984
103904503 345867267
103923337 98851755
103940988 680364737
103999362 587347918
104038906 485984254
104051678 659759250
104077322 979535270
104111465 428415576
104159015 30856089
104166418 623568593
104175631 894716566
104186778 118445346
104212411 554837779
104225299 228113141
104293463 546758644
104338268 470001097
104422368 99061836
104575862 320832158
104592841 433467741
104594943 904531140
104638155 651249473
104671034 269387518
104713544 835783418
104733560 562349912
104761094 347510151
104768988 314575961
104826104 410856470
104828809 761318534
104855890 45379626
104860457 82596024
104899385 706366758
104906604 113051848
104911624 301878497
104919465 997585337
104928822 590020358
104976180 716251096
104989805 933570027
104994404 839207266
105029382 775589324
105036153 878234326
105037443 654642785
105090013 411482171
105202495 217043106
105232567 705021187
105276401 489173686
105329958 665978746
105462797 950125754
105470551 708878815
105491773 146584603
105639107 621167885
105692743 362036199
105701355 83632264
105722366 979698085
105776170 871601014
105788546 661943955
105802188 391093940
105808736 814002779
105916713 503296096
105938266 963732810
105960757 556975766
105970989 392356923
105985833 63406187
106008078 194622877
106021312 627653037
106092449 290148953
106097731 590659348
106099973 312167650
106135495 640638621
106148543 413016905
106155343 429782352
106280206 36208789
106316883 852104233
106335659 355069603
106349045 485896653
106353336 939193966
106355757 544315837
106356920 322015438
106368295 603014101
106394042 145765387
106443808 265601906
106466586 83389253
106468406 949326236
106470733 449637251
106472039 464058737
106482832 803726826
106489434 674978807
106517120 206847726
106550044 568026648
106553800 905808566
106558417 349679142
106576702 514568460
106581592 134417465
106640032 511304990
106707839 91361604
106720120 784389979
106722743 458008308
106744614 108996439
106759730 514939915
106796701 93945411
106799643 368505089
106824946 476701765
106833599 914096932
106864722 234290330
106894503 512535903
106904398 470942989
106931179 429965862
106939708 600654894
106952090 317644108
106953266 846190885
106958900 764597221
106978906 457434107
107080136 360621711
107087151 622937755
107109813 788986803
107116747 294044002
107144256 328969218
107155921 103901949
107174552 773232128
107179028 315874385
107239980 755385521
107276772 436774216
107319955 714562409
107338660 948999977
107385547 644191551
107455749 9525600
107467829 164185579
107500938 227287632
107527334 920098245
107549896 972104077
107610843 484633174
107614518 195722633
107622261 945104688
107637445 762890681
107654037 64114103
107747898 543036538
107766822 77985976
107767626 666888681
107809554 170109122
107824094 376307532
107850553 573628662
107919107 85863236
108024760 481736370
108081166 594476598
108086996 646356441
108144438 753089750
108236892 202057641
108305179 55737485
108311982 130452883
108322805 396446269
108410663 181805427
108415731 280875686
108439416 809350543
108499013 212513253
108579537 939291649
108593165 231688023
108597086 823614707
108630193 529171914
108644945 333103244
108712636 219533174
108749355 372643112
108754667 950236874
108888190 555915286
108891530 938678246
108935025 416668934
108946586 608831316
108950511 212247734
108955955 524867636
109013804 829396145
109090250 235675888
109108956 427932118
109143362 339791347
109149490 854226311
109186958 258152595
109237166 268970558
109240706 930530887
109265802 89400525
109286538 507282163
109289432 751437549
109297013 844340857
109307815 440587605
109320886 915220613
109353252 513796863
109368513 230020352
109370236 347198638
109378811 931900258
109395697 185909529
109451884 702232902
109457976 759652930
109461172 676516026
109511882 488829580
109526302 470182846
109573047 959611615
109575213 394803145
109614253 742799786
109615134 504746024
109624751 60058725
109650735 995898403
109731017 310953576
109733802 303243010
109752969 778739645
109765473 510804210
109800527 513340664
109804789 573365200
109835609 288423375
109884933 772649475
109896714 436438729
109920698 925978894
109929336 458976959
109934765 418124582
109939153 336228787
109956376 813246599
109979510 808492495
110020481 275790360
110068900 111872142
110085730 383209823
110105558 3180658
110109239 736166322
110134823 742212289
110153306 380733661
110162756 265132402
110237667 326189334
110237893 63624162
110242433 790978708
110249064 533452760
110286248 408510169
110354675 256274163
110361815 905364639
110390928 187824073
110438363 826152990
110453976 5926967
110461261 866564171
110478083 87052270
110488068 246672468
110496444 935641541
110540461 521854064
110541933 568668034
110551640 735626976
110619423 297614268
110639645 971005893
110737062 148746346
110739403 910303299
110824885 422424548
110828300 383990904
110909906 851730947
110946310 773241342
110947553 851284268
110947642 829209978
110978813 703156476
110995542 396447408
111085282 422338957
111148590 261139123
111178677 603076829
111183297 628051581
111187340 260495100
111255341 328393174
111280215 718382900
111282892 819977297
111286277 386592657
111372122 87455246
111382828 238309659
111396709 279237493
111409354 864478721
111416122 658697610
111419511 763992421
111426113 782294136
111452527 762388277
111489782 917740754
111509313 404106262
111575039 104164777
111579663 620405479
111608092 326484937
111616874 628261307
111625049 416423043
111630725 576736854
111643449 94141741
111653527 223899172
111659214 626258823
111663930 844006931
111699649 937456615
111713617 459735084
111713744 410965835
111728889 466972909
111745017 954590082
111794065 592079735
111802276 933230509
111805301 939207176
111842908 223721244
111857159 172028833
111972528 334464336
111978238 562636729
111998382 520680449
112004065 576981925
112025147 793411029
112028001 686714533
112090482 240197514
112108592 895688521
112161070 448325734
112173908 884535470
112177438 734398687
112184717 466501836
112193942 990281285
112285322 277014554
112311454 761808610
112353695 448884928
112403831 77463882
112414849 519707070
112430527 259418583
112482945 964070186
112494241 298736684
112546753 783541733
112601332 635819351
112641370 748064784
112670875 505922660
112671703 992934194
112673000 327092991
112674642 807338769
112748157 917900061
112760767 916090702
112768793 549763920
112775586 541780831
112785811 877051313
112798472 450990011
112805132 93853587
112874892 355167126
112895093 712242587
112905130 609237360
112937199 10505251
112978828 659534483
113003590 992758119
113027801 135175851
113062223 615151755
113153371 677684720
113167889 63789705
113171939 428287047
113266909 673357773
113297388 434673093
113297430 493096204
113312205 720225699
113324905 110236740
113349837 797171549
113367913 403709587
113367928 429643583
113382230 409410562
113432877 448498141
113438424 752744356
113449617 292025134
113463243 450428473
113499541 764629603
113503640 174739038
113626738 674412493
113674203 705370044
113906962 910107606
113990678 546043572
114051828 725157694
114059743 483743286
114064583 184826984
114204611 188228983
114244044 483452520
114289162 386004553
114331976 226120420
114332588 281567692
114340786 251516984
114379870 110466722
114399826 550428085
114422138 492969707
114439304 14719916
114460277 568262117
114571502 488639427
114574365 361615365
114586541 412340667
114593035 478917098
114596709 454414593
114614744 909744665
114676991 730641801
114720124 157244692
114773793 545927898
114781823 533606290
114798898 857038917
114810300 924013135
114869037 968016733
114902376 818218883
114926520 126049462
114971834 632949789
114982079 895151350
114995485 851552978
115042760 675461317
115062279 530202084
115105758 829919408
115110790 733853848
115130658 562413888
115140963 480710706
115338837 208160155
115374194 432309166
115421354 666312116
115448123 107349713
115482130 847818708
115517919 821170577
115531254 67580836
115535189 580552478
115550025 658319727
115586497 337828801
115590194 994461615
115606574 120919497
115659769 646328503
115668301 832247511
115676934 255502959
115695525 225603016
115726093 66988174
115735683 712523917
115757971 494203952
115952864 474927691
116010916 394585860
116041532 55844903
116106741 360191638
116135120 111100088
116135638 266232850
116180620 813617364
116214212 131661309
116273193 222513419
116312682 751135996
116354969 391826796
116361699 391996462
116454994 971956100
116460163 649610212
116509142 408975801
116515034 307494731
116585081 135775335
116594117 56491470
116620194 467492263
116641336 356392168
116659565 160160872
116670954 285551414
116672037 382867992
116677044 921673231
116680631 304911264
116742114 230853704
116779499 439525123
116827870 533868968
116861677 372377156
116871262 561734287
116889206 124863652
116896040 510352135
116919758 38574451
116960031 88562021
116972567 244279671
117005722 616878253
117013975 920148636
117089245 453702599
117253808 441618925
117292205 564023248
117300725 418257611
117310895 670303814
117379904 311496031
117389292 654821182
117403967 925348248
117418483 268288536
117448033 819051598
117538341 983440062
117538553 716426142
117567708 72623910
117574037 235432765
117647757 531664432
117649592 801769211
117746624 471721139
117814783 474902467
117834819 356172497
117861777 849612997
117900835 861966358
117917954 866763940
117961373 310755981
118002771 2573348
118035579 137224451
118043596 721036668
118054593 443496499
118139313 954398948
118153104 153628922
118244399 820383998
118276515 512744615
118290366 522049455
118303602 4973617
118310489 946631859
118311698 649746044
118323478 628359786
118330209 597348394
118351464 284432709
118352254 860580577
118354771 666158009
118399229 713254151
118496277 500872128
118510590 70970039
118523400 826945107
118548142 597812668
118632175 589967283
118667387 239922535
118682767 817992948
118728361 180008701
118740917 767308333
118773966 507220774
118914566 727458502
118968939 464053743
118999281 51212926
119021239 573903947
119031623 394179082
119089961 377751224
119098887 690311083
119106951 780011040
119140424 695924813
119162254 538070565
119181933 929114361
119182172 229332651
119193555 266429379
119243717 369097363
119259755 879053235
119317914 251668846
119400900 185241595
119403887 501363216
119444418 653874297
119574215 62473
119621603 150721155
119835382 726886430
119874359 535915852
119889647 133787378
119906136 557632802
119942112 871179523
119942652 311354241
119944858 629080328
119982326 538553328
120006742 522276131
120020185 339497188
120025317 597301915
120025521 86516282
120051658 105919000
120096532 306023504
120156289 321432424
120173446 656979224
120173634 282307895
120288534 628339990
120341687 380610322
120370687 65790920
120407821 435797784
120409190 502215221
120431394 243099635
120438556 568666435
120484222 364792358
120514135 405791468
120520144 756017147
120587093 952972224
120613569 896304286
120669182 493459616
120672960 595737062
120709069 744111048
120739582 434089829
120761937 969547135
120767397 970028981
120770113 442554985
120804814 919557420
120831004 776924613
120863051 867659114
120880562 322177790
120894179 989865024
120949263 104079920
120967987 582716727
120992300 744229362
121019781 102524954
121047815 755205030
121189807 384449813
121235317 102443513
121259775 585264986
121328941 101211636
121343349 599616631
121352679 255307144
121355618 496477193
121402492 762977476
121419605 349865517
121474878 505317760
121482109 589320826
121517711 995178269
121527599 424844714
121550784 405447725
121574406 558107949
121574974 760422835
121576275 487523340
121595896 529592755
121633899 275668456
121646067 739095469
121717607 229091496
121725662 766866704
121745655 51594598
121751678 333213854
121757045 614364411
121791641 392376629
121793712 929976386
121793839 883056234
121812794 941495178
121834861 625015725
121841053 383523674
121859009 205827519
121965951 515791671
122004603 483641718
122019972 914486158
122025119 442602761
122082647 898342580
122125828 423632528
122126000 2523398
122155326 142845675
122172506 435015373
122173786 659649319
122213234 753743912
122220639 969233751
122255805 619687470
122281422 789851940
122291284 749493393
122310410 896762593
122322937 110274598
122337788 345466969
122347420 904332988
122357600 9397890
122422948 328532767
122488871 512643313
122523727 305232346
122535675 994125884
122577961 945785607
122700231 767990093
122717373 916793316
122741671 861427366
122764379 280242983
122777535 188188857
122784557 754775743
122793844 917616106
123004840 573000024
123012452 514049865
123051732 277466773
123083945 501412006
123109898 569168143
123111655 710539272
123131548 33161028
123135452 959979429
123150109 743807783
123225317 243805661
123303928 129163887
123327761 120573635
123338647 382148138
123348820 303153213
123356288 382095270
123357104 212521365
123402347 163043705
123419990 643728239
123511900 379611939
123512526 854885901
123514377 817553667
123552565 394542101
123578608 338201896
123613485 834858304
123652694 699374266
123710386 980916592
123724879 760869019
123727745 868233691
123803812 673885266
123808948 473113972
123846175 289852557
123871208 222709344
123875774 787201091
123885188 169063307
123913528 64942238
123940633 857662470
123948509 306711780
123955178 702334321
123963257 797142206
124006122 551215680
124053821 5409753
124114943 656269866
124140490 385244440
124165728 355596556
124251314 624211336
124302010 326184253
124303894 534589822
124340430 717628351
124355646 403412636
124403891 820802751
124411052 222305213
124442656 356627451
124459565 598634493
124459970 313542721
124460813 307532879
124527573 142599383
124560543 166074288
124687512 426447925
124709979 584316791
124781372 784334891
124832429 127398057
124872545 959499005
124883848 780186550
124890546 379442135
124901486 361637084
124925507 692768802
124957249 669904045
124973169 223952975
124999765 151823093
125025303 165498355
125068511 207360293
125146013 530063340
125157951 937467090
125162038 154040953
125176508 86523362
125219587 206959393
125233965 288641560
125247723 350505739
125248466 65594483
125275577 192534266
125287884 728425528
125332793 47822572
125343359 276988441
125382371 55946591
125400864 680224792
125439000 483748077
125449321 660417860
125454434 399811700
125510708 200349686
125524998 219964677
125544251 357092023
125572207 706993003
125575133 793088835
125610410 851029888
125649250 842444402
125664624 846382180
125687210 431356188
125723562 399414311
125745536 477164540
125788007 616837119
125851090 292970950
125860063 116449376
125864235 596854973
125874197 454698961
125907912 78484329
125941055 82397224
125950962 616695190
125955936 346725719
125961245 542286055
125971410 592987567
125994318 538324670
126017009 74714440
126072199 559858436
126082010 655471580
126118303 439600201
126137294 285458584
126165303 414171432
126192654 628678072
126195617 648491131
126198973 236630969
126199754 735570936
126243996 343327080
126248224 336976286
126256527 303841522
126271466 913023274
126313195 516046756
126324933 151067506
126341327 187727054
126412107 19587284
126419061 508233780
126451646 228940106
126472924 198780461
126474474 307788
126479160 591612844
126526699 951276594
126568988 992848198
126650932 113394135
126667794 973372311
126737951 733398760
126748974 745825486
126801680 205185606
126885936 63283867
126898237 817743768
126899439 86959353
127034210 895415884
127059000 38329536
127203868 714435790
127255916 55115147
127282347 452801161
127285809 612617917
127294039 561223425
127314484 272511660
127324266 981767246
127344164 486068997
127401153 281665539
127409764 390360389
127421385 16262884
127430713 580278815
127457363 190227997
127473286 825195380
127485159 532305867
127509204 11470817
127519421 223302676
127546554 712668417
127592590 933394926
127595720 180034778
127624641 816768010
127644441 332061064
127647302 254527948
127737933 639461267
127836976 352236221
127848894 580727303
127862015 187279241
127870650 742779295
127892856 790053663
127910692 84719936
127918084 761111465
128020189 210080065
128022433 464139077
128092036 516617660
128121260 98930480
128129070 728485501
128148604 277229692
128199928 92668266
128205966 276778440
128225822 443321074
128237606 92735648
128239856 775590692
128250764 760037898
128264079 294046532
128418129 708358830
128428629 684020316
128458115 354481968
128465834 114547124
128537882 942489747
128542219 828611728
128566680 925991228
128574820 706435568
128602492 23640843
128611384 914080438
128616173 103147655
128631630 909880906
128655940 725830420
128681563 385548858
128708411 33227323
128741254 386556296
128775189 111746722
128776267 48581968
128788209 971273355
128824278 822379751
128829674 756087912
128953978 949657847
128959309 820024957
128971306 803122740
128973493 843139417
128991572 636774380
129020201 770427579
129041863 341184601
129117647 609869685
129126859 507004885
129152741 923763739
129153985 737420420
129171498 234035953
129201884 633779289
129230512 463687160
129262520 967749275
129277246 883518107
129288323 668113793
129298168 263188386
129301936 262758597
129371309 148046666
129385798 617830920
129417585 532355337
129467323 981747295
129471768 710341396
129473104 734564092
129528697 831302913
129533556 551327659
129545726 74424125
129585546 24349958
129610125 971550692
129615578 622368936
129673007 408983913
129722396 9783784
129812545 575700538
129812901 316431860
129818700 579969439
129833435 102501067
129843311 359256671
129857309 208712313
129883563 605039971
129885214 117659785
129902541 416859223
129923169 272143002
129963733 849425724
129964937 882899683
129980091 549933779
129982383 80911025
130006950 87044546
130014850 498665184
130018177 830118038
130127939 766606600
130172625 157826328
130183611 272038962
130191105 655366940
130308164 226924365
130372620 402886313
130398680 774077559
130417415 511142503
130426931 592968096
130514197 814925796
130519949 438146547
130548775 4188324
130615304 352129740
130615539 597673341
130640476 813089984
130691262 139436061
130715422 215636844
130753683 668401117
130792515 554522005
130799876 450899149
130827955 869523997
130835529 126329539
130854977 742648968
130909323 359244834
130970228 411496090
131062535 278522647
131089859 130214546
131090523 318161817
131096432 881437842
131141741 952383532
131222428 353248952
131264725 791232109
131275434 927432011
131294205 54261284
131417657 557174284
131424379 521020816
131440683 971547730
131454649 218072296
131506185 115269961
131527170 913015473
131565794 52413375
131581951 913509801
131593220 100535922
131640670 85242353
131693842 691974885
131695429 297104144
131698290 383332843
131760119 444339808
131762973 18963261
131772169 688017875
131778091 651971209
131821247 455025080
131836725 94657936
131919032 949122559
131920896 539688713
131980911 183986792
132001454 729350832
132007987 141511303
132012348 53248463
132019740 84246110
132025699 320304617
132067816 628898321
132171811 652863015
132202792 940551426
132220811 804036856
132245283 811459118
132305678 298828517
132363666 602328518
132365724 480482986
132420173 794921203
132475949 283287302
132488275 738842086
132502730 754464502
132532994 857625502
132560150 767602252
132595483 72193247
132622434 227235603
132630849 933548054
132651447 585349025
132673233 607851538
132697502 944367845
132732219 880247679
132738822 581517485
132819499 20648528
132833687 811290255
132833724 685087890
132840478 414666510
132847975 120053
132867532 796432660
132892136 976002676
132906232 678389019
132959800 31193500
133006188 733516359
133034789 278853241
133040716 736566531
133083675 568912613
133141331 765582655
133147573 229494581
133212636 547924610
133220393 323354835
133270026 398499999
133362991 728443027
133364566 247397584
133375027 335436217
133428361 854018904
133463651 724381622
133523601 81521278
133524841 785392527
133577167 616296795
133578307 401197294
133621680 513376349
133653040 267055753
133687195 938819013
133692641 187887269
133742236 814924531
133763477 257524937
133767032 466490048
133789093 526995477
133820318 246116154
133840307 290492229
133859065 142753304
133878485 135361085
133912790 273033643
133966932 135197305
134011293 590252519
134084803 93156732
134091008 987883238
134198214 517108381
134265864 326188945
134265951 369329100
134278911 54793685
134286933 392345544
134376220 431226617
134393897 993507789
134403332 959269182
134416480 184186431
134435417 10322998
134462341 95596515
134483295 461081998
134536839 293954363
134538332 669862515
134586952 562206977
134596167 519011630
134604025 960550241
134673830 845410293
134725192 442758227
134759045 698941133
134778623 840938309
134797087 729319723
134901057 424153022
134908539 171649887
134913746 321003903
134973738 237347736
135017356 3321718
135067870 365029955
135122521 357376125
135315858 869268178
135347181 687474408
135414795 532309115
135457881 442969749
135505039 660510758
135526835 362473680
135654136 326310750
135682667 76403760
135714933 999218248
135738815 503001654
135746829 333820955
135841330 492576145
135862070 457765968
135891562 339355282
135967018 294393614
135969470 470962734
135984038 691770055
136012900 624908898
136062313 238968860
136075894 67910503
136082629 582816428
136084144 192633435
136107350 344459392
136224023 997429701
136249043 109336374
136250042 441531590
136261771 227031263
136266664 452236393
136268292 434998785
136268664 301272177
136295028 790154495
136318319 630657590
136379497 279281773
136405561 126717465
136419672 686037457
136434570 219410566
136460349 962614315
136487730 892579693
136548854 44737335
136586278 455282543
136622818 250679195
136627876 396872926
136697756 308850937
136768989 492661726
136891303 616707550
136913942 957625210
136918182 843896349
136925720 186248985
137045550 747431588
137066654 618307144
137084188 89095231
137090174 990946822
137114509 103198530
137121237 632785596
137150043 548566651
137165636 954106859
137200220 826031783
137213445 366405479
137247332 309367590
137262698 404818749
137273314 225942947
137301204 368649142
137318774 521308448
137384072 442052036
137387863 375885873
137397479 470406081
137486246 67379184
137499595 503900666
137514946 725110756
137521310 483262014
137537756 933836545
137542524 404059034
137633079 794596174
137641635 52325403
137679895 77313063
137702921 644038999
137722177 360529611
137724849 19840825
137794099 427870945
137803272 942041330
137805151 938194693
137844384 187138708
137887497 334971102
137914377 10632986
137975378 657017271
138000833 398540820
138083731 337131726
138086568 289509587
138102587 488166617
138122105 813825370
138123072 549374858
138319112 743824054
138338799 208886503
138350797 115381543
138383494 664995108
138485131 669803237
138563957 197091241
138587276 645532533
138599870 899217284
138603364 207486515
138617344 456417298
138623618 192705177
138652468 925771429
138666392 760793599
138668113 598147959
138717299 210027756
138735358 240407823
138737629 555242244
138749999 671358089
138790547 220233835
138813052 420406776
138825898 171429791
138879380 867146851
138937677 478123439
138948374 389333634
138959891 544464237
139001348 650729237
139046440 793786110
139122460 658228242
139126431 318370825
139167152 269203984
139180077 40410
139212479 560891727
139237602 206169804
139251621 2386112
139263535 374184772
139341832 553757342
139361540 887429854
139381677 681744759
139392478 516664725
139414792 783742063
139433159 756012959
139462284 965550646
139462791 678426854
139464088 316975888
139482365 641553550
139485180 500213393
139495391 379932455
139558390 963951648
139568900 899412400
139587104 908047994
139622899 602030090
139634393 463504275
139639916 841047374
139650027 634500569
139664577 244965529
139672335 986254946
139681006 199116230
139711704 354538075
139731643 540540551
139861890 107831538
139898439 520454164
139899249 336573492
140052665 555217466
140075168 708470431
140089031 626134593
140160408 455717429
140192804 387196539
140200245 406689068
140303625 30482478
140339089 41590959
140367361 985939466
140445667 125418724
140449727 952037886
140463124 982107987
140488092 370916012
140521472 1186710
140558873 13236794
140583838 998920148
140601805 324202037
140611442 277894540
140636013 461701490
140687073 685034808
140709747 345520328
140817997 39032163
140828982 677990460
140856473 699800983
140869731 605836913
140940487 175859937
140961937 737146820
140970197 252942488
140973070 107912839
140977018 277950705
140994098 560084684
141008130 304821678
141012304 512484990
141020825 723798069
141029344 950575459
141055819 713985005
141084331 706298284
141095291 368430736
141097920 386537975
141180610 763588734
141215326 678800256
141223799 421605604
141293970 779288012
141312131 897196369
141331242 516732235
141342418 426629459
141348804 542505630
141354457 169056502
141369999 652369460
141397756 470295197
141490410 860252431
141526995 77966994
141538877 819458752
141567021 6552209
141576116 962858674
141589215 416074625
141612476 37586254
141616213 806476228
141722492 412763047
141723411 633122608
141782001 489959107
141833759 376857858
141859743 229616391
141889412 498308421
141919720 562959158
141922293 468358774
142023037 946499469
142040682 384450905
142077957 447979469
142116068 551826900
142132136 673728303
142134334 648978319
142149944 279546212
142166539 980855293
142169839 423693790
142191798 133488489
142215904 159080118
142228172 612706128
142240676 945538799
142249732 890507404
142252956 238224240
142256546 822770902
142278459 422763705
142280143 693677554
142356976 252925245
142398504 640775131
142410552 732801937
142489751 724064648
142649682 853350215
142659081 712589184
142672595 163070037
142680458 907503275
142703931 59862297
142711657 437618407
142722869 829025901
142735270 342586747
142766798 670074329
142904633 702635551
142959809 672402068
142979362 656009873
142983125 721087100
143037578 872231163
143133606 659189968
143145387 325752676
143147762 21778037
143185037 270904854
143196243 502324540
143207143 302682609
143219650 854733040
143266186 584625122
143268270 913218765
143283459 848444233
143310937 428348625
143311153 425450936
143354381 30930607
143373248 968285733
143396847 436994751
143435103 485536820
143444904 484276602
143451227 742648985
143459404 450568020
143528640 730763783
143568322 337461007
143608306 799941644
143623896 435955636
143635850 637106467
143653088 282076801
143758433 642708220
143789418 823724634
143794810 336657033
143810589 179261244
143819379 769692761
143834660 282961148
143887710 353026233
143932357 440585986
143942909 818816971
144030289 373538051
144048792 963427984
144053912 424455669
144054443 85577710
144067560 576869051
144074339 565111050
144174439 135651756
144205286 873387915
144214028 188973038
144229845 344474040
144299098 804519953
144306561 660631687
144386483 770850955
144519964 888997393
144545455 598564894
144614641 871395461
144653613 644096145
144688679 632440528
144716927 576077467
144721735 371023015
144854586 326153083
144876443 667033818
144880254 224354261
144910918 464814638
144981581 22317753
144991247 470538485
145021927 164731259
145042905 11106052
145046273 765821432
145048482 113863221
145060857 577334579
145073414 952169077
145135078 125776875
145153383 677436101
145173043 911353715
145218178 332616725
145228057 449863230
145238562 391901135
145260745 294869390
145337195 374558529
145355343 84092718
145374629 251976936
145486489 25879725
145501546 976261687
145526653 338234262
145587746 915361019
145594207 687660836
145606737 478264079
145627594 846220699
145633189 56059430
145643471 795098760
145655403 182821246
145672420 585851248
145680246 285350441
145731288 592560676
145800734 750691488
145852043 754209441
145855169 738360181
145877259 670711184
145911841 220500482
145943204 681845030
145989916 907275675
145996055 739642573
146068980 740894907
146207333 189241647
146214423 807833534
146216931 706643465
146227294 268400621
146280107 636278513
146338918 386376248
146348522 237288103
146403547 769516864
146549902 836872357
146575902 79888987
146611344 804880535
146639372 956777248
146658344 219045212
146672869 903731031
146697701 193373582
146702133 246999464
146735907 701169302
146740467 392785369
146742773 196561359
146755975 968074635
146767855 375240952
146789932 208058164
146824764 124948356
146842581 49026832
146928514 485945147
146936005 861546573
146948724 713396296
147070994 548966241
147086828 103075009
147090787 506609242
147093674 530298717
147104770 848727551
147234925 175174032
147237311 290802574
147259726 22681199
147274051 856417620
147525469 981116494
147533288 291235059
147542924 251878460
147552661 768108289
147586414 916955875
147605210 222649397
147612694 42134358
147623012 337193837
147656162 449266194
147668380 559432496
147671152 375556852
147677392 446930125
147724413 44557896
147747535 650185000
147773592 279720528
147773902 876186882
147784783 393603761
147870796 136928388
147901671 257281097
147902150 680719614
147903909 916180836
148116408 879954199
148195179 551525587
148225508 194499667
148229503 851125656
148272931 289230182
148285283 424925336
148321609 150494672
148359263 367597350
148367588 55292374
148377813 474583394
148387483 739737473
148405060 125124629
148410715 15224552
148422621 480284638
148499259 739323751
148546198 663096849
148549924 559481825
148563047 36657675
148566555 187727729
148568792 759540140
148591176 376298449
148592947 198923144
148603115 726442270
148641741 424900204
148641959 144100192
148664896 71647072
148797637 229432222
148897628 577840843
148959590 533142808
148965854 179802326
149023954 772464189
149032456 42921834
149175622 242278368
149184928 429320485
149185460 344760365
149231439 479223200
149272420 18727449
149319312 508084440
149341724 477553022
149470925 6113520
149475989 973240029
149542381 301456392
149605275 133919348
149624553 297937802
149650987 737362730
149656359 992314637
149664593 689326956
149665372 672578528
149665918 977272888
149674420 697213988
149677160 596392964
149795163 203638874
149798178 473625743
149889811 534833762
149908697 103100043
149921696 939097991
149951544 374752918
150009070 707020349
150054969 937117899
150066408 699364857
150083136 281445724
150087788 810496574
150104522 32262205
150104942 861238189
150137583 575107824
150173073 556205809
150184287 602109183
150186554 684790453
150246694 342430492
150345912 273507237
150430674 479161507
150502977 295162572
150525017 32500842
150542404 768873027
150552145 549383977
150568723 39539777
150574363 678963593
150716195 239312204
150731771 1823568
150735254 224735798
150740648 83173465
150771399 508778251
150793566 109937297
150837858 45057436
150843136 365345934
150855502 399245990
150872171 850572989
150934378 155867083
150963828 133041821
151052913 908690887
151053449 421073766
151076591 603160844
151118212 70616353
151119340 347736713
151196538 19983518
151269851 195373920
151312675 486868983
151318345 691878014
151351405 422471072
151360734 29873677
151416019 840492713
151442581 247309095
151450547 586258158
151488920 760531588
151518569 720791378
151547148 898176803
151623519 844230294
151630120 406118298
151656390 699075223
151665858 556613591
151779134 673822741
151783644 432533921
151813120 784161073
151829304 250486466
151857183 107782318
151951966 812175167
151988403 529123356
152000778 593477376
152006474 377206052
152034848 174659202
152066094 67833365
152106759 118875509
152121818 734553446
